0.0007488 0
0.001246 0
0.001744 0
0.002241 0
0.002739 0
0.003236 0
0.003734 0
0.004231 0
0.004729 0
0.005226 2.427516
0.005724 2.23317
0.006221 2.056176
0.006719 1.894734
0.007216 1.7472654
0.007714 1.6124004
0.008211 1.4889258
0.008709 1.3757634
0.009206 1.271952
0.009704 1.1766312
0.0102 1.0890324
0.0107 1.0084644
0.0112 0.9343098
0.01169 0.8660052
0.01219 0.8030484
0.01269 0.744984
0.01319 0.691398
0.01368 0.641916
0.01418 0.5961978
0.01468 0.5539356
0.01518 0.5148468
0.01567 0.4786758
0.01617 0.4451886
0.01667 0.4141728
0.01717 0.3854322
0.01766 0.3587886
0.01816 0.3340782
0.01866 0.3111534
0.01916 0.2898756
0.01965 0.270117
0.02015 0.2517642
0.02065 0.234711
0.02115 0.2188602
0.02164 0.2041182
0.02214 0.1904076
0.02264 0.1776501
0.02314 0.16577586
0.02363 0.15472098
0.02413 0.14442624
0.02463 0.13483728
0.02513 0.12590334
0.02562 0.11757834
0.02612 0.1098189
0.02662 0.10258578
0.02712 0.09584172
0.02761 0.08955306
0.02811 0.08368776
0.02861 0.07821666
0.02911 0.07311276
0.0296 0.06835032
0.0301 0.06390594
0.0306 0.05975802
0.0311 0.05588604
0.03159 0.0522711
0.03209 0.04889574
0.03259 0.04574358
0.03309 0.04279932
0.03358 0.04004892
0.03408 0.03747924
0.03458 0.03507804
0.03508 0.03283416
0.03557 0.03073662
0.03607 0.0287757
0.03657 0.0269424
0.03707 0.02522826
0.03756 0.023625
0.03806 0.02212542
0.03856 0.02072286
0.03906 0.01941048
0.03955 0.01818252
0.04005 0.017033616
0.04055 0.01595835
0.04105 0.01495197
0.04154 0.014009958
0.04204 0.013128156
0.04254 0.012302622
0.04304 0.01152972
0.04353 0.010806048
0.04403 0.01012842
0.04453 0.009493866
0.04503 0.008899614
0.04552 0.008343072
0.04602 0.007821828
0.04652 0.007333596
0.04702 0.006876288
0.04751 0.006447906
0.04801 0.006046596
0.04851 0.005670648
0.04901 0.005318442
0.0495 0.00498843
0.05 0.004679244
0.0505 0.004389516
0.051 0.004118004
0.05149 0.003863574
0.05199 0.003625128
0.05249 0.00340164
0.05299 0.003192174
0.05348 0.002995812
0.05398 0.002811744
0.05448 0.002639178
0.05498 0.002477376
0.05547 0.002325672
0.05597 0.002183418
0.05647 0.002050002
0.05697 0.001924884
0.05746 0.001807542
0.05796 0.001697463
0.05846 0.0015941988
0.05896 0.001497321
0.05945 0.0014064264
0.05995 0.001321137
0.06045 0.0012411018
0.06095 0.0011659914
0.06144 0.0010954962
0.06194 0.0010293282
0.06244 0.0009672156
0.06294 0.0009089046
0.06343 0.0008541612
0.06393 0.0008027622
0.06443 0.0007544988
0.06493 0.0007091766
0.06542 0.0006666138
0.06592 0.0006266376
0.06642 0.0005890914
0.06692 0.0005538222
0.06741 0.0005206914
0.06791 0.0004895676
0.06841 0.0004603248
0.06891 0.0004328496
0.0694 0.000407034
0.0699 0.0003827736
0.0704 0.0003599748
0.0709 0.0003385494
0.07139 0.0003184128
0.07189 0.000299484
0.07239 0.0002816928
0.07289 0.000264969
0.07338 0.000249246
0.07388 0.0002344644
0.07438 0.0002205666
0.07488 0.0002074986
0.07537 0.0001952118
0.07587 0.0001836576
0.07637 0.0001727928
0.07687 0.00016257456
0.07736 0.00015296436
0.07786 0.00014392566
0.07836 0.00013542408
0.07886 0.00012742722
0.07935 0.00011990484
0.07985 0.00011282832
0.08035 0.0001061712
0.08085 9.990828e-05
0.08134 9.401598e-05
0.08184 8.847198e-05
0.08234 8.325558e-05
0.08284 7.834734e-05
0.08333 7.37289e-05
0.08383 6.938298e-05
0.08433 6.52932e-05
0.08483 6.144444e-05
0.08532 5.782248e-05
0.08582 5.441382e-05
0.08632 5.120568e-05
0.08682 4.818636e-05
0.08731 4.534452e-05
0.08781 4.26699e-05
0.08831 4.015242e-05
0.08881 3.778272e-05
0.0893 3.555234e-05
0.0898 3.345282e-05
0.0903 3.14766e-05
0.0908 2.96163e-05
0.09129 2.786526e-05
0.09179 2.6217e-05
0.09229 2.466522e-05
0.09279 2.32047e-05
0.09328 2.182968e-05
0.09378 2.05353e-05
0.09428 1.931688e-05
0.09478 1.816992e-05
0.09527 1.7090244e-05
0.09577 1.6073856e-05
0.09627 1.5117102e-05
0.09677 1.4216472e-05
0.09726 1.3368708e-05
0.09776 1.2570678e-05
0.09826 1.1819502e-05
0.09876 1.1112426e-05
0.09925 1.0446894e-05
0.09975 1.0446894e-05
---------------------- 
Total: 32.84226
