
0.0007488	 9.02761e-09	
0.001246	 4.03226e-08	
0.001744	 1.05771e-07	
0.002241	    2.14e-07	
0.002739	 3.71338e-07	
0.003236	  5.8139e-07	
0.003734	 8.46055e-07	
0.004231	 1.16491e-06	
0.004729	  1.5363e-06	
0.005226	 1.95697e-06	
0.005724	  2.4226e-06	
0.006221	 2.92831e-06	
0.006719	 3.46799e-06	
0.007216	  4.0362e-06	
0.007714	 4.62576e-06	
0.008211	 5.23156e-06	
0.008709	 5.84594e-06	
0.009206	 6.46473e-06	
0.009704	 7.08024e-06	
0.0102	 7.68956e-06	
0.0107	 8.28534e-06	
0.0112	 8.86598e-06	
0.01169	 9.42493e-06	
0.01219	  9.9615e-06	
0.01269	 1.04704e-05	
0.01319	 1.09515e-05	
0.01368	 1.14009e-05	
0.01418	  1.1819e-05	
0.01468	  1.2203e-05	
0.01518	 1.25537e-05	
0.01567	 1.28695e-05	
0.01617	 1.31513e-05	
0.01667	 1.33985e-05	
0.01717	 1.36122e-05	
0.01766	 1.37925e-05	
0.01816	 1.39407e-05	
0.01866	 1.40574e-05	
0.01916	  1.4144e-05	
0.01965	 1.42014e-05	
0.02015	 1.42311e-05	
0.02065	 1.42343e-05	
0.02115	 1.42125e-05	
0.02164	 1.41671e-05	
0.02214	 1.40995e-05	
0.02264	 1.40111e-05	
0.02314	 1.39034e-05	
0.02363	 1.37778e-05	
0.02413	 1.36357e-05	
0.02463	 1.34783e-05	
0.02513	 1.33072e-05	
0.02562	 1.31234e-05	
0.02612	 1.29284e-05	
0.02662	  1.2723e-05	
0.02712	 1.25088e-05	
0.02761	 1.22864e-05	
0.02811	 1.20574e-05	
0.02861	 1.18221e-05	
0.02911	 1.15821e-05	
0.0296	 1.13377e-05	
0.0301	 1.10902e-05	
0.0306	 1.08398e-05	
0.0311	  1.0588e-05	
0.03159	 1.03346e-05	
0.03209	 1.00811e-05	
0.03259	 9.82713e-06	
0.03309	 9.57415e-06	
0.03358	 9.32183e-06	
0.03408	 9.07135e-06	
0.03458	 8.82247e-06	
0.03508	 8.57617e-06	
0.03557	 8.33224e-06	
0.03607	 8.09146e-06	
0.03657	 7.85366e-06	
0.03707	 7.61954e-06	
0.03756	 7.38891e-06	
0.03806	 7.16227e-06	
0.03856	 6.93956e-06	
0.03906	 6.72111e-06	
0.03955	 6.50689e-06	
0.04005	 6.29714e-06	
0.04055	 6.09184e-06	
0.04105	 5.89108e-06	
0.04154	 5.69496e-06	
0.04204	 5.50344e-06	
0.04254	 5.31663e-06	
0.04304	 5.13444e-06	
0.04353	 4.95701e-06	
0.04403	 4.78411e-06	
0.04453	 4.61604e-06	
0.04503	 4.45239e-06	
0.04552	 4.29347e-06	
0.04602	 4.13892e-06	
0.04652	 3.98904e-06	
0.04702	 3.84334e-06	
0.04751	 3.70225e-06	
0.04801	 3.56521e-06	
0.04851	 3.43263e-06	
0.04901	 3.30394e-06	
0.0495	 3.17959e-06	
  0.05	 3.05895e-06	
0.0505	 2.94249e-06	
 0.051	 2.82959e-06	
0.05149	 2.72067e-06	
0.05199	 2.61518e-06	
0.05249	 2.51346e-06	
0.05299	 2.41503e-06	
0.05348	 2.32016e-06	
0.05398	 2.22843e-06	
0.05448	 2.14006e-06	
0.05498	 2.05469e-06	
0.05547	 1.97247e-06	
0.05597	 1.89311e-06	
0.05647	  1.8167e-06	
0.05697	   1.743e-06	
0.05746	 1.67207e-06	
0.05796	 1.60372e-06	
0.05846	 1.53794e-06	
0.05896	  1.4746e-06	
0.05945	 1.41365e-06	
0.05995	 1.35502e-06	
0.06045	 1.29861e-06	
0.06095	 1.24437e-06	
0.06144	 1.19222e-06	
0.06194	  1.1421e-06	
0.06244	 1.09391e-06	
0.06294	 1.04763e-06	
0.06343	 1.00314e-06	
0.06393	  9.6044e-07	
0.06443	 9.19406e-07	
0.06493	 8.80041e-07	
0.06542	 8.42214e-07	
0.06592	 8.05957e-07	
0.06642	 7.71116e-07	
0.06692	 7.37737e-07	
0.06741	 7.05669e-07	
0.06791	 6.74962e-07	
0.06841	 6.45465e-07	
0.06891	 6.17238e-07	
0.0694	 5.90121e-07	
0.0699	  5.6419e-07	
0.0704	 5.39282e-07	
0.0709	 5.15471e-07	
0.07139	 4.92609e-07	
0.07189	 4.70755e-07	
0.07239	 4.49782e-07	
0.07289	 4.29735e-07	
0.07338	 4.10507e-07	
0.07388	 3.92128e-07	
0.07438	 3.74509e-07	
0.07488	 3.57668e-07	
0.07537	 3.41532e-07	
0.07587	  3.2611e-07	
0.07637	  3.1134e-07	
0.07687	 2.97222e-07	
0.07736	 2.83708e-07	
0.07786	 2.70793e-07	
0.07836	 2.58435e-07	
0.07886	 2.46624e-07	
0.07935	 2.35328e-07	
0.07985	 2.24533e-07	
0.08035	 2.14213e-07	
0.08085	 2.04349e-07	
0.08134	 1.94925e-07	
0.08184	 1.85917e-07	
0.08234	 1.77315e-07	
0.08284	 1.69092e-07	
0.08333	 1.61243e-07	
0.08383	  1.5374e-07	
0.08433	  1.4658e-07	
0.08483	 1.39738e-07	
0.08532	  1.3321e-07	
0.08582	 1.26971e-07	
0.08632	 1.21022e-07	
0.08682	 1.15336e-07	
0.08731	 1.09917e-07	
0.08781	 1.04736e-07	
0.08831	 9.98012e-08	
0.08881	 9.50832e-08	
0.0893	 9.05907e-08	
0.0898	 8.62949e-08	
0.0903	 8.22071e-08	
0.0908	 7.82987e-08	
0.09129	 7.45787e-08	
0.09179	 7.10233e-08	
0.09229	 6.76399e-08	
0.09279	 6.44074e-08	
0.09328	 6.13306e-08	
0.09378	 5.83924e-08	
0.09428	 5.55954e-08	
0.09478	 5.29255e-08	
0.09527	 5.03838e-08	
0.09577	 4.79585e-08	
0.09627	 4.56493e-08	
0.09677	 4.34468e-08	
0.09726	 4.13497e-08	
0.09776	 3.93501e-08	
0.09826	  3.7446e-08	
0.09876	 3.56312e-08	
0.09925	 3.39029e-08	
0.09975	 3.22563e-08	
----------------------
Total:	  0.00088927	
