
0.0007488	 6.74439e-08	
0.001246	 3.13341e-07	
0.001744	 8.35179e-07	
0.002241	 1.69592e-06	
0.002739	 2.93137e-06	
0.003236	 4.54974e-06	
0.003734	 6.53981e-06	
0.004231	  8.8719e-06	
0.004729	 1.15029e-05	
0.005226	 1.43834e-05	
0.005724	 1.74527e-05	
0.006221	 2.06571e-05	
0.006719	   2.393e-05	
0.007216	 2.72243e-05	
0.007714	 3.04758e-05	
0.008211	 3.36505e-05	
0.008709	 3.66915e-05	
0.009206	 3.95799e-05	
0.009704	 4.22687e-05	
0.0102	 4.47534e-05	
0.0107	 4.69976e-05	
0.0112	  4.9008e-05	
0.01169	 5.07609e-05	
0.01219	 5.22684e-05	
0.01269	  5.3519e-05	
0.01319	 5.45278e-05	
0.01368	 5.52932e-05	
0.01418	  5.5832e-05	
0.01468	 5.61488e-05	
0.01518	 5.62611e-05	
0.01567	  5.6179e-05	
0.01617	 5.59186e-05	
0.01667	 5.54929e-05	
0.01717	 5.49175e-05	
0.01766	 5.42059e-05	
0.01816	 5.33726e-05	
0.01866	 5.24318e-05	
0.01916	 5.13959e-05	
0.01965	 5.02781e-05	
0.02015	 4.90901e-05	
0.02065	 4.78435e-05	
0.02115	 4.65486e-05	
0.02164	 4.52153e-05	
0.02214	 4.38531e-05	
0.02264	 4.24693e-05	
0.02314	 4.10731e-05	
0.02363	 3.96695e-05	
0.02413	 3.82671e-05	
0.02463	  3.6869e-05	
0.02513	 3.54832e-05	
0.02562	 3.41106e-05	
0.02612	 3.27593e-05	
0.02662	 3.14281e-05	
0.02712	 3.01249e-05	
0.02761	  2.8847e-05	
0.02811	 2.76022e-05	
0.02861	 2.63862e-05	
0.02911	 2.52067e-05	
0.0296	 2.40584e-05	
0.0301	 2.29486e-05	
0.0306	 2.18715e-05	
0.0311	 2.08339e-05	
0.03159	 1.98297e-05	
0.03209	 1.88646e-05	
0.03259	 1.79332e-05	
0.03309	 1.70401e-05	
0.03358	 1.61804e-05	
0.03408	 1.53573e-05	
0.03458	  1.4567e-05	
0.03508	 1.38117e-05	
0.03557	  1.3088e-05	
0.03607	 1.23974e-05	
0.03657	  1.1737e-05	
0.03707	 1.11075e-05	
0.03756	 1.05067e-05	
0.03806	 9.93476e-06	
0.03856	 9.38982e-06	
0.03906	 8.87159e-06	
0.03955	 8.37862e-06	
0.04005	 7.91025e-06	
0.04055	 7.46539e-06	
0.04105	 7.04309e-06	
0.04154	 6.64255e-06	
0.04204	 6.26262e-06	
0.04254	 5.90276e-06	
0.04304	 5.56163e-06	
0.04353	 5.23895e-06	
0.04403	 4.93325e-06	
0.04453	 4.64444e-06	
0.04503	 4.37097e-06	
0.04552	  4.1129e-06	
0.04602	 3.86867e-06	
0.04652	 3.63845e-06	
0.04702	 3.42066e-06	
0.04751	 3.21559e-06	
0.04801	 3.02166e-06	
0.04851	 2.83925e-06	
0.04901	 2.66681e-06	
0.0495	 2.50476e-06	
  0.05	 2.35162e-06	
0.0505	 2.20784e-06	
 0.051	 2.07204e-06	
0.05149	 1.94459e-06	
0.05199	  1.8243e-06	
0.05249	 1.71144e-06	
0.05299	 1.60501e-06	
0.05348	 1.50517e-06	
0.05398	  1.4111e-06	
0.05448	 1.32287e-06	
0.05498	  1.2398e-06	
0.05547	  1.1619e-06	
0.05597	 1.08861e-06	
0.05647	 1.01989e-06	
0.05697	 9.55286e-07	
0.05746	 8.94712e-07	
0.05796	 8.37812e-07	
0.05846	 7.84463e-07	
0.05896	 7.34386e-07	
0.05945	 6.87434e-07	
0.05995	 6.43394e-07	
0.06045	 6.02102e-07	
0.06095	 5.63397e-07	
0.06144	 5.27108e-07	
0.06194	 4.93114e-07	
0.06244	 4.61243e-07	
0.06294	 4.31406e-07	
0.06343	 4.03431e-07	
0.06393	 3.77257e-07	
0.06443	 3.52716e-07	
0.06493	  3.2977e-07	
0.06542	 3.08253e-07	
0.06592	 2.88148e-07	
0.06642	 2.69292e-07	
0.06692	 2.51683e-07	
0.06741	  2.3517e-07	
0.06791	 2.19756e-07	
0.06841	   2.053e-07	
0.06891	 1.91813e-07	
0.0694	 1.79162e-07	
0.0699	 1.67369e-07	
0.0704	 1.56305e-07	
0.0709	 1.45993e-07	
0.07139	 1.36323e-07	
0.07189	 1.27309e-07	
0.07239	 1.18861e-07	
0.07289	 1.10985e-07	
0.07338	 1.03607e-07	
0.07388	 9.67274e-08	
0.07438	 9.02861e-08	
0.07488	 8.42792e-08	
0.07537	 7.86577e-08	
0.07587	 7.34145e-08	
0.07637	   6.851e-08	
0.07687	 6.39349e-08	
0.07736	 5.96575e-08	
0.07786	 5.56664e-08	
0.07836	  5.1937e-08	
0.07886	 4.84566e-08	
0.07935	 4.52057e-08	
0.07985	 4.21715e-08	
0.08035	 3.93387e-08	
0.08085	 3.66941e-08	
0.08134	 3.42264e-08	
0.08184	  3.1922e-08	
0.08234	 2.97725e-08	
0.08284	  2.7765e-08	
0.08333	 2.58935e-08	
0.08383	 2.41451e-08	
0.08433	 2.25159e-08	
0.08483	 2.09935e-08	
0.08532	 1.95755e-08	
0.08582	 1.82502e-08	
0.08632	 1.70163e-08	
0.08682	 1.58628e-08	
0.08731	 1.47893e-08	
0.08781	 1.37856e-08	
0.08831	 1.28518e-08	
0.08881	 1.19786e-08	
0.0893	 1.11665e-08	
0.0898	 1.04069e-08	
0.0903	 9.70084e-09	
0.0908	 9.04037e-09	
0.09129	 8.42639e-09	
0.09179	 7.85225e-09	
0.09229	  7.3184e-09	
0.09279	 6.81941e-09	
0.09328	 6.35529e-09	
0.09378	 5.92166e-09	
0.09428	 5.51825e-09	
0.09478	 5.14149e-09	
0.09527	 4.79088e-09	
0.09577	 4.46357e-09	
0.09627	  4.1589e-09	
0.09677	 3.87459e-09	
0.09726	 3.60989e-09	
0.09776	 3.36298e-09	
0.09826	 3.13302e-09	
0.09876	  2.9186e-09	
0.09925	 2.71885e-09	
0.09975	 2.53268e-09	
----------------------
Total:	  0.00253717	
