0.0007488 8.203526e-07
0.001246 3.7249484e-06
0.001744 9.85681e-06
0.002241 2.0051296e-05
0.002739 3.4922488e-05
0.003236 5.482356e-05
0.003734 7.9943112e-05
0.004231 0.00011024736
0.004729 0.0001455828
0.005226 0.00018564226
0.005724 0.00023001574
0.006221 0.00027823994
0.006719 0.00032973184
0.007216 0.00038397156
0.007714 0.0004402744
0.008211 0.00049815082
0.008709 0.00055686774
0.009206 0.00061602582
0.009704 0.0006748887
0.0102 0.0007331784
0.0107 0.00079018808
0.0112 0.0008457644
0.01169 0.0008992776
0.01219 0.000950667
0.01269 0.000999416
0.01319 0.0010455164
0.01368 0.001088591
0.01418 0.0011286808
0.01468 0.0011655152
0.01518 0.0011991598
0.01567 0.0012294752
0.01617 0.0012565434
0.01667 0.0012802988
0.01717 0.0013008562
0.01766 0.0013182156
0.01816 0.0013324918
0.01866 0.0013437668
0.01916 0.0013521472
0.01965 0.0013577396
0.02015 0.0013606752
0.02065 0.0013610852
0.02115 0.0013590926
0.02164 0.0013548368
0.02214 0.001348449
0.02264 0.0013400768
0.02314 0.0013298514
0.02363 0.001317904
0.02413 0.0013043822
0.02463 0.0012893926
0.02513 0.0012730828
0.02562 0.0012555512
0.02612 0.0012369454
0.02662 0.0012173556
0.02712 0.0011969048
0.02761 0.001175675
0.02811 0.0011537974
0.02861 0.0011313294
0.02911 0.0011084022
0.0296 0.0010850404
0.0301 0.0010613998
0.0306 0.001037464
0.0311 0.001013397
0.03159 0.0009891742
0.03209 0.000964935
0.03259 0.0009406548
0.03309 0.0009164648
0.03358 0.0008923322
0.03408 0.00086838
0.03458 0.0008445754
0.03508 0.0008210168
0.03557 0.00079768616
0.03607 0.00077465318
0.03657 0.00075190392
0.03707 0.0007295048
0.03756 0.0007074386
0.03806 0.0006857537
0.03856 0.00066444354
0.03906 0.00064354092
0.03955 0.00062304092
0.04005 0.00060296896
0.04055 0.00058332094
0.04105 0.00056410752
0.04154 0.00054533772
0.04204 0.00052700662
0.04254 0.00050912652
0.04304 0.0004916884
0.04353 0.00047470456
0.04403 0.0004581545
0.04453 0.00044206528
0.04503 0.00042639918
0.04552 0.00041118572
0.04602 0.00039638964
0.04652 0.00038204046
0.04702 0.00036809144
0.04751 0.0003545844
0.04801 0.00034146358
0.04851 0.00032876998
0.04901 0.00031644866
0.0495 0.00030454144
0.05 0.0002929901
0.0505 0.0002818381
0.051 0.00027102804
0.05149 0.00026059846
0.05199 0.00025049688
0.05249 0.0002407561
0.05299 0.0002313302
0.05348 0.0002222446
0.05398 0.00021346076
0.05448 0.00020499754
0.05498 0.00019682214
0.05547 0.00018894768
0.05597 0.0001813471
0.05647 0.00017402942
0.05697 0.00016697168
0.05746 0.00016017798
0.05796 0.0001536311
0.05846 0.00014733104
0.05896 0.00014126468
0.05945 0.0001354271
0.05995 0.00012981092
0.06045 0.00012440876
0.06095 0.00011921324
0.06144 0.0001142178
0.06194 0.0001094167
0.06244 0.00010480092
0.06294 0.000100368
0.06343 9.610646e-05
0.06393 9.20163e-05
0.06443 8.808522e-05
0.06493 8.431486e-05
0.06542 8.0691198e-05
0.06592 7.7218006e-05
0.06642 7.3880442e-05
0.06692 7.0682852e-05
0.06741 6.7610886e-05
0.06791 6.4669218e-05
0.06841 6.1843416e-05
0.06891 5.9139302e-05
0.0694 5.6541542e-05
0.0699 5.405727e-05
0.0704 5.1671152e-05
0.0709 4.9389994e-05
0.07139 4.7199692e-05
0.07189 4.5105986e-05
0.07239 4.309674e-05
0.07289 4.1176136e-05
0.07338 3.9333924e-05
0.07388 3.7573138e-05
0.07438 3.5885086e-05
0.07488 3.4271654e-05
0.07537 3.2725626e-05
0.07587 3.1247986e-05
0.07637 2.9832912e-05
0.07687 2.8480322e-05
0.07736 2.7185542e-05
0.07786 2.5947998e-05
0.07836 2.4764e-05
0.07886 2.3632318e-05
0.07935 2.2550082e-05
0.07985 2.1515652e-05
0.08035 2.0526896e-05
0.08085 1.9581764e-05
0.08134 1.867878e-05
0.08184 1.781573e-05
0.08234 1.6991466e-05
0.08284 1.6203528e-05
0.08333 1.5451506e-05
0.08383 1.473253e-05
0.08433 1.4046518e-05
0.08483 1.3390846e-05
0.08532 1.2765432e-05
0.08582 1.2167488e-05
0.08632 1.1597588e-05
0.08682 1.1052698e-05
0.08731 1.0533392e-05
0.08781 1.0036964e-05
0.08831 9.56407e-06
0.08881 9.112004e-06
0.0893 8.681504e-06
0.0898 8.269864e-06
0.0903 7.8781254e-06
0.0908 7.5035986e-06
0.09129 7.1471282e-06
0.09179 6.8064346e-06
0.09229 6.4822066e-06
0.09279 6.1724516e-06
0.09328 5.8776042e-06
0.09378 5.5960408e-06
0.09428 5.3280074e-06
0.09478 5.0721592e-06
0.09527 4.8285782e-06
0.09577 4.5961656e-06
0.09627 4.3748722e-06
0.09677 4.1638124e-06
0.09726 3.9628386e-06
0.09776 3.771221e-06
0.09826 3.5887464e-06
0.09876 3.4148244e-06
0.09925 3.2492008e-06
0.09975 3.0914e-06
---------------------- 
Total: 0.08503892
