
0.0007488	 9.50362e-07	
0.001246	 1.22713e-05	
0.001744	 6.27842e-05	
0.002241	 0.000202859	
0.002739	 0.000500072	
0.003236	  0.00102626	
0.003734	  0.00185378	
0.004231	   0.0030367	
0.004729	  0.00461858	
0.005226	  0.00661233	
0.005724	  0.00901731	
0.006221	   0.0118038	
0.006719	   0.0149285	
0.007216	   0.0183325	
0.007714	   0.0219412	
0.008211	   0.0256854	
0.008709	   0.0294738	
0.009206	   0.0332438	
0.009704	   0.0369013	
0.0102	    0.040402	
0.0107	   0.0436591	
0.0112	   0.0466513	
0.01169	   0.0493091	
0.01219	   0.0516302	
0.01269	   0.0535683	
0.01319	   0.0551353	
0.01368	   0.0563083	
0.01418	   0.0571096	
0.01468	   0.0575357	
0.01518	   0.0576159	
0.01567	   0.0573618	
0.01617	   0.0568054	
0.01667	   0.0559689	
0.01717	   0.0548842	
0.01766	   0.0535792	
0.01816	   0.0520844	
0.01866	   0.0504292	
0.01916	   0.0486413	
0.01965	   0.0467488	
0.02015	   0.0447762	
0.02065	   0.0427478	
0.02115	   0.0406852	
0.02164	   0.0386077	
0.02214	   0.0365339	
0.02264	   0.0344775	
0.02314	   0.0324545	
0.02363	   0.0304734	
0.02413	   0.0285477	
0.02463	   0.0266808	
0.02513	   0.0248845	
0.02562	   0.0231577	
0.02612	   0.0215107	
0.02662	   0.0199389	
0.02712	   0.0184511	
0.02761	     0.01704	
0.02811	   0.0157135	
0.02861	   0.0144622	
0.02911	    0.013293	
0.0296	   0.0121954	
0.0301	   0.0111756	
0.0306	   0.0102223	
0.0311	  0.00934088	
0.03159	  0.00852054	
0.03209	   0.0077649	
0.03259	  0.00706468	
0.03309	  0.00642186	
0.03358	  0.00582857	
0.03408	  0.00528557	
0.03458	  0.00478632	
0.03508	  0.00433064	
0.03557	  0.00391315	
0.03607	  0.00353305	
0.03657	  0.00318596	
0.03707	  0.00287071	
0.03756	  0.00258372	
0.03806	  0.00232359	
0.03856	   0.0020875	
0.03906	  0.00187392	
0.03955	  0.00168062	
0.04005	  0.00150605	
0.04055	  0.00134849	
0.04105	  0.00120643	
0.04154	  0.00107854	
0.04204	 0.000963394	
0.04254	 0.000859998	
0.04304	 0.000767026	
0.04353	 0.000683743	
0.04403	 0.000608949	
0.04453	 0.000542101	
0.04503	 0.000482137	
0.04552	 0.000428663	
0.04602	 0.000380742	
0.04652	   0.0003381	
0.04702	 0.000299924	
0.04751	 0.000266021	
0.04801	 0.000235697	
0.04851	 0.000208821	
0.04901	   0.0001848	
0.0495	 0.000163553	
  0.05	 0.000144577	
0.0505	 0.000127823	
 0.051	 0.000112876	
0.05149	 9.96923e-05	
0.05199	 8.79498e-05	
0.05249	 7.75982e-05	
0.05299	 6.83942e-05	
0.05348	 6.02852e-05	
0.05398	 5.30871e-05	
0.05448	 4.67486e-05	
0.05498	 4.11313e-05	
0.05547	 3.61874e-05	
0.05597	 3.18128e-05	
0.05647	  2.7964e-05	
0.05697	  2.4564e-05	
0.05746	 2.15737e-05	
0.05796	 1.89361e-05	
0.05846	 1.66171e-05	
0.05896	 1.45747e-05	
0.05945	 1.27796e-05	
0.05995	 1.12009e-05	
0.06045	  9.8137e-06	
0.06095	 8.59544e-06	
0.06144	 7.52524e-06	
0.06194	 6.58669e-06	
0.06244	 5.76235e-06	
0.06294	 5.04045e-06	
0.06343	 4.40651e-06	
0.06393	 3.85207e-06	
0.06443	 3.36525e-06	
0.06493	 2.94008e-06	
0.06542	 2.56679e-06	
0.06592	 2.24119e-06	
0.06642	 1.95537e-06	
0.06692	 1.70637e-06	
0.06741	  1.4878e-06	
0.06791	 1.29765e-06	
0.06841	 1.13073e-06	
0.06891	 9.85694e-07	
0.0694	 8.58391e-07	
0.0699	 7.47907e-07	
0.0704	 6.50944e-07	
0.0709	 5.66868e-07	
0.07139	 4.93137e-07	
0.07189	 4.29201e-07	
0.07239	 3.73199e-07	
0.07289	 3.24637e-07	
0.07338	 2.82149e-07	
0.07388	 2.45303e-07	
0.07438	 2.13104e-07	
0.07488	 1.85178e-07	
0.07537	 1.60801e-07	
0.07587	 1.39658e-07	
0.07637	 1.21223e-07	
0.07687	 1.05231e-07	
0.07736	 9.13036e-08	
0.07786	   7.922e-08	
0.07836	 6.87078e-08	
0.07886	 5.95864e-08	
0.07935	 5.16601e-08	
0.07985	 4.47809e-08	
0.08035	 3.88094e-08	
0.08085	 3.36262e-08	
0.08134	 2.91317e-08	
0.08184	 2.52297e-08	
0.08234	 2.18498e-08	
0.08284	 1.89149e-08	
0.08333	 1.63754e-08	
0.08383	 1.41698e-08	
0.08433	 1.22632e-08	
0.08483	  1.0607e-08	
0.08532	 9.17691e-09	
0.08582	 7.93426e-09	
0.08632	 6.86234e-09	
0.08682	 5.93076e-09	
0.08731	 5.12792e-09	
0.08781	 4.43003e-09	
0.08831	 3.82922e-09	
0.08881	 3.30679e-09	
0.0893	 2.85749e-09	
0.0898	  2.4667e-09	
0.0903	 2.13094e-09	
0.0908	 1.83896e-09	
0.09129	 1.58809e-09	
0.09179	 1.37012e-09	
0.09229	 1.18279e-09	
0.09279	 1.02018e-09	
0.09328	 8.80377e-10	
0.09378	 7.59143e-10	
0.09428	 6.54884e-10	
0.09478	  5.6456e-10	
0.09527	  4.8686e-10	
0.09577	 4.19608e-10	
0.09627	 3.61735e-10	
0.09677	 3.11692e-10	
0.09726	 2.68614e-10	
0.09776	   2.314e-10	
0.09826	 1.99354e-10	
0.09876	 1.71697e-10	
0.09925	 1.47871e-10	
0.09975	 1.27328e-10	
----------------------
Total:	     1.91988	
