
0.0007488	 1.60058e-08	
0.001246	 4.21461e-07	
0.001744	 3.42057e-06	
0.002241	 1.55266e-05	
0.002739	 4.99256e-05	
0.003236	  0.00012669	
0.003734	 0.000273157	
0.004231	 0.000518444	
0.004729	 0.000894876	
0.005226	  0.00142689	
0.005724	  0.00213766	
0.006221	  0.00303468	
0.006719	  0.00412164	
0.007216	  0.00538513	
0.007714	  0.00680649	
0.008211	  0.00835605	
0.008709	  0.00999662	
0.009206	   0.0116918	
0.009704	   0.0133935	
0.0102	   0.0150685	
0.0107	   0.0166662	
0.0112	   0.0181638	
0.01169	   0.0195164	
0.01219	   0.0207133	
0.01269	   0.0217216	
0.01319	   0.0225417	
0.01368	   0.0231552	
0.01418	   0.0235712	
0.01468	   0.0237847	
0.01518	   0.0238114	
0.01567	   0.0236568	
0.01617	     0.02334	
0.01667	   0.0228742	
0.01717	   0.0222791	
0.01766	   0.0215718	
0.01816	   0.0207716	
0.01866	   0.0198963	
0.01916	   0.0189631	
0.01965	   0.0179888	
0.02015	    0.016988	
0.02065	   0.0159747	
0.02115	   0.0149609	
0.02164	   0.0139572	
0.02214	   0.0129731	
0.02264	   0.0120152	
0.02314	   0.0110913	
0.02363	   0.0102044	
0.02413	  0.00936047	
0.02463	  0.00855959	
0.02513	  0.00780624	
0.02562	  0.00709826	
0.02612	  0.00643901	
0.02662	  0.00582454	
0.02712	  0.00525753	
0.02761	  0.00473285	
0.02811	  0.00425255	
0.02861	  0.00381095	
0.02911	  0.00340963	
0.0296	  0.00304272	
0.0301	  0.00271151	
0.0306	  0.00241025	
0.0311	   0.0021399	
0.03159	  0.00189526	
0.03209	  0.00167671	
0.03259	     0.00148	
0.03309	  0.00130498	
0.03358	   0.0011482	
0.03408	  0.00100924	
0.03458	 0.000885338	
0.03508	  0.00077588	
0.03557	 0.000678708	
0.03607	 0.000593125	
0.03657	 0.000517461	
0.03707	 0.000451007	
0.03756	 0.000392484	
0.03806	 0.000341216	
0.03856	 0.000296232	
0.03906	 0.000256918	
0.03955	 0.000222545	
0.04005	 0.000192569	
0.04055	 0.000166448	
0.04105	 0.000143714	
0.04154	 0.000123968	
0.04204	 0.000106813	
0.04254	 9.19598e-05	
0.04304	 7.90763e-05	
0.04353	 6.79547e-05	
0.04403	 5.83232e-05	
0.04453	 5.00326e-05	
0.04503	 4.28629e-05	
0.04552	 3.67086e-05	
0.04602	 3.13932e-05	
0.04652	 2.68429e-05	
0.04702	 2.29175e-05	
0.04751	 1.95658e-05	
0.04801	 1.66776e-05	
0.04851	 1.42178e-05	
0.04901	 1.21003e-05	
0.0495	 1.03012e-05	
  0.05	 8.75393e-06	
0.0505	 7.44243e-06	
 0.051	   6.316e-06	
0.05149	  5.3624e-06	
0.05199	 4.54503e-06	
0.05249	  3.8536e-06	
0.05299	 3.26225e-06	
0.05348	 2.76237e-06	
0.05398	 2.33574e-06	
0.05448	 1.97534e-06	
0.05498	  1.6684e-06	
0.05547	 1.40925e-06	
0.05597	 1.18899e-06	
0.05647	 1.00312e-06	
0.05697	 8.45461e-07	
0.05746	 7.12482e-07	
0.05796	 5.99903e-07	
0.05846	 5.04988e-07	
0.05896	 4.24787e-07	
0.05945	 3.57196e-07	
0.05995	  3.0019e-07	
0.06045	 2.52161e-07	
0.06095	 2.11729e-07	
0.06144	 1.77675e-07	
0.06194	 1.49058e-07	
0.06244	 1.24961e-07	
0.06294	 1.04747e-07	
0.06343	 8.77302e-08	
0.06393	 7.34803e-08	
0.06443	 6.14858e-08	
0.06493	 5.14588e-08	
0.06542	 4.30202e-08	
0.06592	 3.59778e-08	
0.06642	 3.00515e-08	
0.06692	 2.51139e-08	
0.06741	 2.09592e-08	
0.06791	 1.75034e-08	
0.06841	 1.45957e-08	
0.06891	 1.21808e-08	
0.0694	  1.0149e-08	
0.0699	 8.46432e-09	
0.0704	 7.04714e-09	
0.0709	 5.87343e-09	
0.07139	 4.88698e-09	
0.07189	 4.06998e-09	
0.07239	 3.38438e-09	
0.07289	 2.81649e-09	
0.07338	 2.34066e-09	
0.07388	 1.94651e-09	
0.07438	 1.61675e-09	
0.07488	 1.34354e-09	
0.07537	 1.11531e-09	
0.07587	 9.26203e-10	
0.07637	 7.68459e-10	
0.07687	 6.37732e-10	
0.07736	 5.28845e-10	
0.07786	  4.3859e-10	
0.07836	 3.63522e-10	
0.07886	 3.01288e-10	
0.07935	 2.49598e-10	
0.07985	 2.06737e-10	
0.08035	 1.71188e-10	
0.08085	 1.41704e-10	
0.08134	 1.17284e-10	
0.08184	 9.70252e-11	
0.08234	 8.02688e-11	
0.08284	 6.63643e-11	
0.08333	 5.48794e-11	
0.08383	 4.53466e-11	
0.08433	 3.74833e-11	
0.08483	 3.09546e-11	
0.08532	 2.55763e-11	
0.08582	 2.11099e-11	
0.08632	 1.74352e-11	
0.08682	 1.43825e-11	
0.08731	 1.18743e-11	
0.08781	 9.78999e-12	
0.08831	 8.07969e-12	
0.08881	 6.65793e-12	
0.0893	 5.49279e-12	
0.0898	  4.5239e-12	
0.0903	 3.73089e-12	
0.0908	 3.07159e-12	
0.09129	 2.53198e-12	
0.09179	 2.08383e-12	
0.09229	  1.7169e-12	
0.09279	 1.41255e-12	
0.09328	 1.16326e-12	
0.09378	 9.56744e-13	
0.09428	 7.87516e-13	
0.09478	 6.47506e-13	
0.09527	 5.32723e-13	
0.09577	 4.37878e-13	
0.09627	 3.60089e-13	
0.09677	 2.95893e-13	
0.09726	 2.43217e-13	
0.09776	 1.99798e-13	
0.09826	 1.64156e-13	
0.09876	 1.34813e-13	
0.09925	 1.10715e-13	
0.09975	    9.09e-14	
----------------------
Total:	    0.688606	
