
0.0007488	 1.75976e-08	
0.001246	 4.71058e-07	
0.001744	 3.85669e-06	
0.002241	 1.76015e-05	
0.002739	 5.68073e-05	
0.003236	  0.00014454	
0.003734	 0.000312277	
0.004231	  0.00059364	
0.004729	  0.00102599	
0.005226	  0.00163768	
0.005724	  0.00245561	
0.006221	  0.00348868	
0.006719	  0.00474131	
0.007216	  0.00619824	
0.007714	  0.00783807	
0.008211	  0.00962667	
0.008709	   0.0115212	
0.009206	   0.0134796	
0.009704	   0.0154462	
0.0102	    0.017383	
0.0107	    0.019231	
0.0112	    0.020964	
0.01169	     0.02253	
0.01219	   0.0239165	
0.01269	   0.0250854	
0.01319	    0.026037	
0.01368	   0.0267498	
0.01418	   0.0272344	
0.01468	   0.0274849	
0.01518	   0.0275192	
0.01567	    0.027344	
0.01617	   0.0269809	
0.01667	   0.0264451	
0.01717	   0.0257598	
0.01766	   0.0249444	
0.01816	   0.0240212	
0.01866	   0.0230109	
0.01916	   0.0219335	
0.01965	   0.0208082	
0.02015	    0.019652	
0.02065	    0.018481	
0.02115	   0.0173094	
0.02164	   0.0161491	
0.02214	   0.0150113	
0.02264	   0.0139038	
0.02314	   0.0128354	
0.02363	   0.0118097	
0.02413	   0.0108335	
0.02463	  0.00990711	
0.02513	   0.0090356	
0.02562	  0.00821649	
0.02612	  0.00745371	
0.02662	   0.0067427	
0.02712	  0.00608655	
0.02761	  0.00547936	
0.02811	  0.00492349	
0.02861	  0.00441237	
0.02911	  0.00394787	
0.0296	  0.00352316	
0.0301	  0.00313975	
0.0306	    0.002791	
0.0311	  0.00247802	
0.03159	   0.0021948	
0.03209	  0.00194176	
0.03259	    0.001714	
0.03309	  0.00151135	
0.03358	  0.00132982	
0.03408	   0.0011689	
0.03458	  0.00102543	
0.03508	  0.00089867	
0.03557	 0.000786138	
0.03607	 0.000687024	
0.03657	 0.000599395	
0.03707	 0.000522431	
0.03756	 0.000454649	
0.03806	 0.000395269	
0.03856	 0.000343166	
0.03906	 0.000297629	
0.03955	 0.000257815	
0.04005	 0.000223092	
0.04055	 0.000192835	
0.04105	 0.000166499	
0.04154	 0.000143625	
0.04204	 0.000123752	
0.04254	 0.000106545	
0.04304	 9.16196e-05	
0.04353	 7.87352e-05	
0.04403	 6.75767e-05	
0.04453	 5.79716e-05	
0.04503	  4.9665e-05	
0.04552	 4.25347e-05	
0.04602	 3.63762e-05	
0.04652	  3.1104e-05	
0.04702	 2.65559e-05	
0.04751	 2.26724e-05	
0.04801	 1.93259e-05	
0.04851	 1.64757e-05	
0.04901	  1.4022e-05	
0.0495	 1.19374e-05	
  0.05	 1.01445e-05	
0.0505	 8.62474e-06	
 0.051	 7.31946e-06	
0.05149	 6.21442e-06	
0.05199	 5.26724e-06	
0.05249	   4.466e-06	
0.05299	 3.78071e-06	
0.05348	 3.20141e-06	
0.05398	 2.70701e-06	
0.05448	 2.28934e-06	
0.05498	 1.93363e-06	
0.05547	  1.6333e-06	
0.05597	 1.37804e-06	
0.05647	 1.16262e-06	
0.05697	 9.79904e-07	
0.05746	 8.25787e-07	
0.05796	  6.9531e-07	
0.05846	 5.85306e-07	
0.05896	 4.92354e-07	
0.05945	 4.14015e-07	
0.05995	 3.47944e-07	
0.06045	 2.92277e-07	
0.06095	 2.45415e-07	
0.06144	 2.05944e-07	
0.06194	 1.72775e-07	
0.06244	 1.44845e-07	
0.06294	 1.21416e-07	
0.06343	 1.01692e-07	
0.06393	 8.51747e-08	
0.06443	 7.12718e-08	
0.06493	 5.96494e-08	
0.06542	  4.9868e-08	
0.06592	 4.17048e-08	
0.06642	 3.48355e-08	
0.06692	  2.9112e-08	
0.06741	 2.42961e-08	
0.06791	 2.02902e-08	
0.06841	 1.69196e-08	
0.06891	 1.41203e-08	
0.0694	 1.17651e-08	
0.0699	 9.81221e-09	
0.0704	 8.16941e-09	
0.0709	 6.80882e-09	
0.07139	 5.66531e-09	
0.07189	 4.71821e-09	
0.07239	 3.92343e-09	
0.07289	 3.26512e-09	
0.07338	 2.71351e-09	
0.07388	 2.25658e-09	
0.07438	  1.8743e-09	
0.07488	 1.55758e-09	
0.07537	   1.293e-09	
0.07587	 1.07377e-09	
0.07637	 8.90897e-10	
0.07687	 7.39345e-10	
0.07736	 6.13111e-10	
0.07786	 5.08478e-10	
0.07836	  4.2145e-10	
0.07886	   3.493e-10	
0.07935	 2.89375e-10	
0.07985	 2.39685e-10	
0.08035	 1.98471e-10	
0.08085	 1.64289e-10	
0.08134	 1.35977e-10	
0.08184	  1.1249e-10	
0.08234	 9.30632e-11	
0.08284	 7.69428e-11	
0.08333	 6.36275e-11	
0.08383	 5.25753e-11	
0.08433	 4.34587e-11	
0.08483	 3.58894e-11	
0.08532	 2.96538e-11	
0.08582	 2.44754e-11	
0.08632	 2.02149e-11	
0.08682	 1.66756e-11	
0.08731	 1.37676e-11	
0.08781	  1.1351e-11	
0.08831	 9.36801e-12	
0.08881	 7.71958e-12	
0.0893	 6.36868e-12	
0.0898	  5.2453e-12	
0.0903	 4.32585e-12	
0.0908	 3.56143e-12	
0.09129	 2.93577e-12	
0.09179	 2.41616e-12	
0.09229	 1.99073e-12	
0.09279	 1.63784e-12	
0.09328	 1.34879e-12	
0.09378	 1.10934e-12	
0.09428	 9.13126e-13	
0.09478	 7.50787e-13	
0.09527	 6.17698e-13	
0.09577	 5.07725e-13	
0.09627	  4.1753e-13	
0.09677	 3.43094e-13	
0.09726	 2.82016e-13	
0.09776	 2.31672e-13	
0.09826	 1.90344e-13	
0.09876	 1.56321e-13	
0.09925	 1.28378e-13	
0.09975	 1.05402e-13	
----------------------
Total:	    0.795812	
